student     = qinlinj
target_id   = 173
target_type = r
level       = 0
-->8--
FAIL: Ouch!: You caused a segmentation fault!
Better luck next time.
-->8--
00 00 00 00 00 00 00 00 00 00 00 00 00 00 00 00 00 00 00 00 00 00 00 00 00 00 00 00 00 00 00 00 00 00 00 00 00 00 00 00 00 00 00 00 00 00 00 00 61 2D 40 00 00 00 00 00 14 2D 40 00 00 00 00 00 0E 2D 40 00 00 00 00 00 48 00 00 00 00 00 00 00 54 2D 40 00 00 00 00 00 BA 2D 40 00 00 00 00 00 70 2D 40 00 00 00 00 00 47 2D 40 00 00 00 00 00 14 2D 40 00 00 00 00 00 7B 2C 40 00 00 00 00 00 36 62 39 34 64 37 36 32 
-->8--
Previous 