student     = qinlinj
target_id   = 173
target_type = c
level       = 3
-->8--
PASS
-->8--
48 C7 C7 F8 42 66 55 C3 00 00 00 00 00 00 00 00 00 00 00 00 00 00 00 00 00 00 00 00 00 00 00 00 00 00 00 00 00 00 00 00 00 00 00 00 00 00 00 00 00 00 00 00 00 00 00 00 00 00 00 00 00 00 00 00 00 00 00 00 00 00 00 00 A0 42 66 55 00 00 00 00 7B 2C 40 00 00 00 00 00 36 62 39 34 64 37 36 32 00 
-->8--
Previous Scores for 18x13-f23:attacklab

| version | phase1 (10.0) | phase2 (25.0) | phase3 (25.0) | phase4 (35.0) | phase5 (5.0) | 
+---------+---------------+---------------+---------------+---------------+--------------+
|      15 |          10.0 |          25.0 |           0.0 |           0.0 |          0.0 | 
