student     = qinlinj
target_id   = 173
target_type = r
level       = 3
-->8--
PASS
-->8--
00 00 00 00 00 00 00 00 00 00 00 00 00 00 00 00 00 00 00 00 00 00 00 00 00 00 00 00 00 00 00 00 00 00 00 00 00 00 00 00 00 00 00 00 00 00 00 00 00 00 00 00 00 00 00 00 00 00 00 00 00 00 00 00 00 00 00 00 00 00 00 00 A7 2D 40 00 00 00 00 00 14 2D 40 00 00 00 00 00 0E 2D 40 00 00 00 00 00 48 00 00 00 00 00 00 00 54 2D 40 00 00 00 00 00 BA 2D 40 00 00 00 00 00 70 2D 40 00 00 00 00 00 47 2D 40 00 00 00 00 00 14 2D 40 00 00 00 00 00 7B 2C 40 00 00 00 00 00 36 62 39 34 64 37 36 32 00 
-->8--
Previous Scores for 18x13-f23:attacklab

| version | phase1 (10.0) | phase2 (25.0) | phase3 (25.0) | phase4 (35.0) | phase5 (5.0) | 
+---------+---------------+---------------+---------------+---------------+--------------+
|      17 |          10.0 |          25.0 |          25.0 |          35.0 |          0.0 | 
